%YAML:1.0
---
camera_matrix: !!opencv-matrix
   rows: 3
   cols: 3
   dt: d
   data: [ 8552.1349367376752, 0., 3077.4787993967834, 0.,
       8538.3279208913918, 2239.0941996434694, 0., 0., 1. ]
distortion_coefficients: !!opencv-matrix
   rows: 1
   cols: 5
   dt: d
   data: [ -0.14362093336212314, 2.5121998874555471,
       -7.4975785183999111e-05, -0.0059324147246215854,
       -13.755467442903969 ]
