%YAML:1.0
---
camera_matrix: !!opencv-matrix
   rows: 3
   cols: 3
   dt: d
   data: [ 5685.8554477784255, 0., 312.30834172950114, 0.,
       5687.7987621154471, 263.29997488166174, 0., 0., 1. ]
distortion_coefficients: !!opencv-matrix
   rows: 1
   cols: 5
   dt: d
   data: [ -6.0986474536028767, 1339.0802563618568, 0.23056066787642654,
       0.024941480797249886, 8564.0183966091536 ]
